Otorrinolaringologia=[8897, 8884, 8872, [[8896], 8869, 8872], 8875, 8882, 8899]
Oftalmologia=[[[[8861, 8861, 8871, 8888, 8887, 8891, 8863, 8896, 8896, 8872, 8878, 8873, 8891, 8900, 8867, 8886], 8895, 8893], [[8870, 8864, 8891, 8895, 8898, 8881, 8881, 8870, 8878, 8882, 8879, 8863, 8884, 8896, 8895, 8881], 8875, 8861]], 8893, 8865, 8887, 8883, 8866, 8872, 8879, 8873, [8884, 8865, 8881, [8865], 8889, 8889, 8896]]
Hematologia=[8886, 8870, 8886, 8862, [8894, 8876, 8896, 8870, 8894, 8880, 8880, 8900, 8871, 8890, 8875, 8861, 8865, 8899, 8866, 8864], 8897, 8892, 8862, 8860, 8895, 8884, 8887, 8872]
Urologia=[8867, 8866, 8886, 8870, 8893, 8861, 8895, 8876, 8876, 8868, 8900, 8888, 8881, 8897, 8876, 8881]
Nefrologia=[8878, 8863, [8881, 8880, 8883, 8874]]
Ortopedia=[[8868]]
Cirugia Plastica=[8865, 8877, 8874, [8894, 8895, 8865, 8873, 8867, 8866, [8877, 8884, 8864, 8889, 8885, 8900, 8890, 8860, 8886, 8861, 8869, 8891, [8899, 8894, 8900, 8875]]], [8870, 8883, [8861, 8873, [8867, 8881, 8864, 8866, 8870, 8862, 8895, 8876, 8885, 8867, 8894, 8863, 8862, 8883, 8880, 8882]]]]
Dermatologia=[[[[8880], [8893, 8875, 8878, 8899], 8900, 8875, 8891, 8862, 8882, 8876, 8871, 8874], [8899, 8867, [8870, 8883, 8860, 8865]]], 8878, 8899]
Geriatria=[[8868, 8864, 8895, 8886], 8885, 8893, 8871, 8868, 8883, 8870]
Laboratorio=[[[[8883, 8870, 8860, 8873, 8899, 8890, 8890, 8873, 8867, 8896, 8885, 8893, 8860, 8863, 8875, 8897], 8900, 8899], 8863, 8892, 8875, [8891, 8866, 8869, [8890], 8892, 8894, 8876]], [8884, 8869, 8880, 8892, 8888, 8883, 8863, 8889, 8866, 8874, 8896, 8881, 8891, 8870, 8879, 8888], [8893, 8864, 8894, 8900, 8897, 8895, 8890, 8896, 8872]]
Radiologia e Imagenologia=[[[8874, 8871, [8885]], 8885, 8885, 8886, 8885, [[8863, 8874, 8891, 8888, 8888, 8866, 8889, 8878, 8899, 8879, 8899, 8900, 8868, 8865, 8887, 8868], 8863, 8861, 8890, 8897, 8864, 8861, 8884, 8897, [8887, 8890, 8889, 8872]], 8879, 8890, 8883, 8878], [8895, 8886, [8865, 8877, 8883, 8877, [8899, 8889, 8898, 8876, 8890, 8868, 8866, 8872, 8886], 8861, 8896, 8863, 8864, [8888, 8882, 8881, 8863, 8894, 8860, 8870, 8869, 8900, 8895, 8883, 8866, 8860, 8875, 8876, 8887]]], 8889, 8878, 8875, 8878, 8884, 8898, 8891, 8887]
Consulta Externa=[[8864, 8871, 8884, 8896, 8893, 8880, 8889, 8894, [[8875], 8870, 8889, 8871, 8883, 8866, 8894], 8876, 8897, 8891, 8860], [[8880, 8897, 8874, 8864, 8877, 8885, 8894, 8880, 8866], 8881, 8894, 8860, [8897, 8896, 8898, 8871, 8887, 8900, 8876, 8878, 8868, 8863, 8872, 8898, 8881, 8894, 8899, 8862]], 8870, 8862, 8867, 8873, [[[8886, 8876, 8869, 8886], [8869, 8892, 8860, 8867, 8899, 8863, 8865, 8874, 8884, 8892, 8887, 8872, 8896, 8892, 8874, 8898], 8863, 8872, 8878], [[8891, 8869, 8888, 8895]]]]
Medicina Preventiva=[[[8860, 8898, 8870, 8877, 8895, 8881, 8871, 8873, [8889, 8867, 8892, 8860, 8882, 8865, 8883, 8861, 8861, 8878, 8877, 8869, 8889, 8872, 8863, 8882], 8897, 8874, 8892, 8879], 8861, 8862], [8876, 8871, 8861, 8881, [8885, 8892, 8888, 8862, 8870, 8871, 8884, 8863, 8864], 8876, 8880, 8892, 8862, 8862, 8889, 8899, 8874]]
Banco de Sangre=[8879, 8888, 8878, 8887]
Neurologia y Neurocirugia=[8878, 8891, 8896, 8891, 8894, 8862, 8879, 8877, 8870, 8891, 8873, 8895, 8872, 8868, 8881, 8868]
